## Cross Sections #-1.0 for data
XS_MC_Powheg-Htoinv-mH125PU20bx25:3.727
XS_MC_Powheg-Htoinv-mH125PU30bx50:3.727
XS_MC_Powheg-Htoinv-mH125PU40bx25:3.727
XS_MC_QCD-Pt-30to50-pythia8PU20bx25:161500000
XS_MC_QCD-Pt-50to80-pythia8PU20bx25:22110000
XS_MC_QCD-Pt-80to120-pythia8PU20bx25:3000114.3
XS_MC_QCD-Pt-120to170-pythia8PU20bx25:493200
XS_MC_QCD-Pt-170to300-pythia8PU20bx25:120300
XS_MC_QCD-Pt-300to470-pythia8PU20bx25:7475
XS_MC_QCD-Pt-470to600-pythia8PU20bx25:587.1
XS_MC_QCD-Pt-600to800-pythia8PU20bx25:167
XS_MC_QCD-Pt-800to1000-pythia8PU20bx25:28.25
XS_MC_QCD-Pt-1000to1400-pythia8PU20bx25:8.195
XS_MC_QCD-Pt-1400to1800-pythia8PU20bx25:0.7346
XS_MC_QCD-Pt-1800to2400-pythia8PU20bx25:0.102
XS_MC_QCD-Pt-2400to3200-pythia8PU20bx25:0.00644
XS_MC_QCD-Pt-3200-pythia8PU20bx25:0.000163
XS_MC_DYJetsToLL:6024
XS_MC_TT-madgraph:815.96
XS_MC_TT-madgraph_1:815.96
XS_MC_TT-madgraph_2:815.96
XS_MC_TT-madgraph_3:815.96
XS_MC_TT-madgraph_4:815.96
XS_MC_TT-pythia:815.96
XS_MC_T_tW:35.6
XS_MC_Tbar_tW:35.6
XS_MC_WJetsToLNu:20508.9
XS_MC_WJetsToLNu_enu:20508.9
XS_MC_WJetsToLNu_munu:20508.9
XS_MC_WJetsToLNu_taunu:20508.9
XS_MC_WZJetsTo3LNu:2.165


## Processed Events
EVT_MC_Powheg-Htoinv-mH125PU20bx25:115863
EVT_MC_Powheg-Htoinv-mH125PU30bx50:482896
EVT_MC_Powheg-Htoinv-mH125PU40bx25:115263
EVT_MC_QCD-Pt-30to50-pythia8PU20bx25:4844719
EVT_MC_QCD-Pt-50to80-pythia8PU20bx25:4766292
EVT_MC_QCD-Pt-80to120-pythia8PU20bx25:4795490
EVT_MC_QCD-Pt-120to170-pythia8PU20bx25:4821602
EVT_MC_QCD-Pt-170to300-pythia8PU20bx25:2794554
EVT_MC_QCD-Pt-300to470-pythia8PU20bx25:2705941
EVT_MC_QCD-Pt-470to600-pythia8PU20bx25:2925749
EVT_MC_QCD-Pt-600to800-pythia8PU20bx25:2857014
EVT_MC_QCD-Pt-800to1000-pythia8PU20bx25:499998
EVT_MC_QCD-Pt-1000to1400-pythia8PU20bx25:499986
EVT_MC_QCD-Pt-1400to1800-pythia8PU20bx25:499994
EVT_MC_QCD-Pt-1800to2400-pythia8PU20bx25:200079
EVT_MC_QCD-Pt-2400to3200-pythia8PU20bx25:200453
EVT_MC_QCD-Pt-3200-pythia8PU20bx25:200453
EVT_MC_DYJetsToLL:2829164
EVT_MC_TT-madgraph:25446993
EVT_MC_TT-madgraph_1:25446993
EVT_MC_TT-madgraph_2:25446993
EVT_MC_TT-madgraph_3:25446993
EVT_MC_TT-madgraph_4:25446993
EVT_MC_TT-pythia:2991609
EVT_MC_T_tW:986100
EVT_MC_Tbar_tW:971800
EVT_MC_WJetsToLNu:10017462
EVT_MC_WJetsToLNu_enu:10017462
EVT_MC_WJetsToLNu_munu:10017462
EVT_MC_WJetsToLNu_taunu:10017462
EVT_MC_WZJetsTo3LNu:237484

## Lumi
LUMI_DATA:10000.0
LUMI_DATA_LABEL:10.0 fb^{-1}
YEAR_LABEL:2015
## Signal options
DRAW_SIGNAL:1
DRAW_SIGNAL_FACTOR:1
DRAW_SIGNAL_MASS:125
## TOP Options
## VV Options
## QCD Options

